00 00 00 00 00 00 00 00 00 00 00 00 00 00 00 00 00 00 00 00 00 00 00 00 00 00 00 00 00 00 00 00 
00 00 00 00 00 00 00 00 00 00 00 00 00 00 00 00 00 00 00 00 00 00 00 00 00 00 00 00 00 00 00 00 
00 00 e9 ea ea ea ea ea ea ea ea ea ea ea ea ea ea ea ea ea ea ea ea ea ea ea ea ea ea eb 00 00 
00 00 ee 00 00 00 00 00 00 00 00 00 00 00 00 00 00 00 00 00 00 00 00 00 00 00 00 00 00 ef 00 00 
00 00 ee 00 00 00 00 00 00 00 00 00 00 00 00 00 00 00 00 00 00 00 00 00 00 00 00 00 00 ef 00 00 
00 00 ee 00 00 00 00 00 00 00 04 05 06 07 08 09 0a 0b 0c 0d 0e 00 00 00 00 00 00 00 00 ef 00 00 
00 00 ee 00 00 00 00 00 00 00 00 00 00 00 00 00 00 00 00 00 00 00 00 00 00 00 00 00 00 ef 00 00 
00 00 ee 00 00 00 00 00 00 00 00 00 00 00 00 00 00 00 00 00 00 00 00 00 00 00 00 00 00 ef 00 00 
00 00 ee 00 00 00 00 00 00 00 00 00 00 00 00 00 00 00 00 00 00 00 00 00 00 00 00 00 00 ef 00 00 
00 00 ee 00 00 00 00 0f 10 11 12 13 14 15 16 17 18 19 1a 00 00 00 00 00 00 00 00 00 00 ef 00 00 
00 00 ee 00 00 00 00 00 00 00 00 00 00 e1 00 00 00 00 00 00 00 00 00 00 00 00 00 00 00 ef 00 00 
00 00 ee 00 00 00 00 00 00 1c 1d 00 1e 1f 00 21 22 23 24 00 25 26 27 28 29 1b 00 00 00 ef 00 00 
00 00 ee 00 00 00 00 00 00 00 00 00 00 00 00 00 e2 00 00 00 00 e3 00 00 00 00 00 00 00 ef 00 00 
00 00 ee 00 2a 2b 2c 00 2d 2e 2f 30 31 00 3e 3f 20 00 36 37 38 39 3a 3b 3c 3d 20 00 00 ef 00 00 
00 00 ee 00 00 e5 00 00 00 00 00 00 00 00 00 00 00 00 00 00 00 00 00 00 00 00 00 00 00 ef 00 00 
00 00 ee 00 00 00 00 32 33 34 35 13 14 00 40 41 42 00 00 45 46 47 48 49 00 00 00 00 00 ef 00 00 
00 00 ee 00 00 00 00 00 00 00 00 00 00 00 e6 00 00 00 00 00 00 00 00 00 00 00 00 00 00 ef 00 00 
00 00 ee 00 00 00 00 00 00 00 00 4a 00 4b 4c 4d 56 00 4e 4f 50 51 56 59 00 00 00 00 00 ef 00 00 
00 00 ee 00 00 00 00 00 00 00 00 00 00 e4 00 e0 00 00 00 e1 00 00 00 00 00 00 00 00 00 ef 00 00 
00 00 ee 00 00 00 00 00 00 00 00 00 00 00 00 00 00 00 00 00 00 00 00 00 00 00 00 00 00 ef 00 00 
00 00 ee 00 00 00 00 00 00 00 00 00 00 00 00 00 00 00 00 00 00 00 00 00 00 00 00 00 00 ef 00 00 
00 00 ee 00 00 00 00 00 00 00 00 00 00 57 5a 5b 5c 5d 5e 00 00 00 00 00 00 00 00 00 00 ef 00 00 
00 00 ee 00 00 00 00 00 00 00 00 00 00 00 00 00 00 00 00 00 00 00 00 00 00 00 00 00 00 00 00 00 
00 00 ee 00 00 00 00 00 00 00 00 00 00 00 00 00 00 00 00 00 00 00 00 00 00 00 00 f1 f2 f3 f4 00 
00 00 ee 00 00 00 00 00 00 00 00 00 00 00 00 00 00 00 00 00 00 00 00 00 00 00 00 f5 f6 f7 f8 00 
00 00 ee 00 00 00 00 00 00 00 00 00 00 00 00 00 00 00 00 00 00 00 00 00 00 00 00 f9 fa fb fc 00 
00 00 ec ed ed ed ed ed ed ed ed ed ed ed ed ed ed ed ed ed ed ed ed ed ed ed ed fd fe ff f0 00 
00 00 00 00 00 00 00 00 00 00 00 00 00 00 00 00 00 00 00 00 00 00 00 00 00 00 00 00 00 00 00 00 
00 00 00 00 00 00 00 00 00 00 00 00 00 00 00 00 00 00 00 00 00 00 00 00 00 00 00 00 00 00 00 00 
00 00 00 00 00 00 00 00 00 00 00 00 00 00 00 00 00 00 00 00 00 00 00 00 00 00 00 00 00 00 00 00


//


00 00 00 00 00 00 00 00 00 00 00 00 00 00 00 00 00 00 00 00 00 00 00 00 00 00 00 00 00 00 00 00 
00 00 00 00 00 00 00 00 00 00 00 00 00 00 00 00 00 00 00 00 00 00 00 00 00 00 00 00 00 00 00 00 
00 00 e9 ea ea ea ea ea ea ea ea ea ea ea ea ea ea ea ea ea ea ea ea ea ea ea ea ea ea eb 00 00 
00 00 ee 00 00 5f 60 1f a3 61 62 63 64 65 58 4a 00 68 69 6a 00 6b 6c 6d 6e 6f 53 00 00 ef 00 00 
00 00 ee 00 00 00 00 00 00 00 d1 55 00 00 00 00 00 00 00 00 00 e6 00 00 e2 00 00 00 00 ef 00 00 
00 00 ee 00 00 00 70 00 71 72 73 74 75 76 00 36 37 38 39 3a 3b 3c 3d 76 d0 00 00 00 00 ef 00 00 
00 00 ee 00 00 00 e7 00 00 54 00 00 00 00 00 00 00 00 00 00 00 00 00 00 00 00 00 00 00 ef 00 00 
00 00 ee 00 00 00 00 00 00 00 00 00 00 00 00 00 00 00 00 00 00 00 00 00 00 00 00 00 00 ef 00 00 
00 00 ee 00 00 00 81 00 77 78 79 7a 00 7b 00 7c 7d 7e 7f 80 00 95 96 00 97 98 00 00 00 ef 00 00 
00 00 ee 00 00 00 00 00 00 00 00 00 00 00 00 00 00 00 00 00 00 00 00 00 00 00 00 00 00 ef 00 00 
00 00 ee 00 00 00 8c 00 77 78 79 7a 00 7b 00 8d 8e 8f 90 95 96 00 91 92 93 00 00 00 00 ef 00 00 
00 00 ee 00 00 00 00 00 00 00 00 00 00 00 00 00 00 00 00 00 00 00 00 00 00 00 00 00 00 ef 00 00 
00 00 ee 00 00 00 43 00 77 78 79 7a 00 7b 00 82 83 84 85 00 95 96 00 86 87 00 00 00 00 ef 00 00 
00 00 ee 00 00 00 00 00 00 00 00 00 00 00 00 00 00 00 00 00 00 00 00 00 00 00 00 00 00 ef 00 00 
00 00 ee 00 00 00 00 00 00 00 00 00 00 00 00 00 00 00 00 00 00 00 00 00 00 00 00 00 00 ef 00 00 
00 00 ee 00 00 00 00 00 88 89 8a 8b 00 99 9a 9b 9c 9d 9e 00 9f a0 a1 a2 00 00 00 00 00 ef 00 00 
00 00 ee 00 00 00 00 00 00 00 00 00 00 e6 00 00 00 00 00 00 00 00 00 00 00 00 00 00 00 ef 00 00 
00 00 ee 00 00 00 00 70 00 d3 d4 d5 d6 00 95 96 00 a8 a9 aa ab ac ad ae 00 00 00 00 00 ef 00 00 
00 00 ee 00 00 00 00 e7 00 00 00 00 00 00 00 00 00 00 00 00 00 00 00 00 00 00 00 00 00 ef 00 00 
00 00 ee 00 00 00 00 af b0 b1 b2 b3 00 b4 b5 b6 b7 bb 82 83 84 85 00 bc d2 00 00 00 00 ef 00 00 
00 00 ee 00 00 00 00 00 00 00 00 00 00 00 00 00 00 00 00 00 00 00 00 00 00 00 00 00 00 ef 00 00 
00 00 ee 00 b8 b9 ba 00 bd be bf c0 c1 c2 c3 00 c4 c5 00 c6 c7 c8 c9 ca 00 cb cc cd ce ef 00 00 
00 00 ee 00 00 00 00 00 00 00 00 00 00 00 00 00 00 00 00 00 00 00 00 00 00 00 00 00 00 00 00 00 
00 00 ee 00 00 00 99 9a 9b 9c 9d 9e 00 cf 00 a4 a5 a6 a7 00 d3 d4 d5 d6 59 00 00 f1 f2 f3 f4 00 
00 00 ee 00 00 00 e6 00 00 00 00 00 00 00 00 00 00 00 00 00 00 00 00 00 00 00 00 f5 f6 f7 f8 00 
00 00 ee 00 00 00 00 00 00 00 04 5f d7 d8 d9 da db dc dd de 94 df 00 00 00 00 00 f9 fa fb fc 00 
00 00 ec ed ed ed ed ed ed ed ed ed ed ed ed ed ed ed ed ed ed ed ed ed ed ed ed fd fe ff f0 00 
00 00 00 00 00 00 00 00 00 00 00 00 00 00 00 00 00 00 00 00 00 00 00 00 00 00 00 00 00 00 00 00 
00 00 00 00 00 00 00 00 00 00 00 00 00 00 00 00 00 00 00 00 00 00 00 00 00 00 00 00 00 00 00 00 
00 00 00 00 00 00 00 00 00 00 00 00 00 00 00 00 00 00 00 00 00 00 00 00 00 00 00 00 00 00 00 00 




8bc